1 1 2 2000-10-10
2 2 3 2001-11-11
3 3 4 2002-12-12
4 4 5 2003-01-13
5 5 6 2004-02-14
6 6 7 2005-03-15
7 7 8 2006-04-16
8 8 9 2007-05-17
9 9 10 2008-06-18
10 10 11 2009-07-19
11 11 12 2010-08-20
12 12 13 2011-09-21
13 13 14 2012-10-22
14 14 15 2013-11-23
15 15 16 2014-12-24
16 16 17 2015-01-25
17 17 18 2016-02-26
18 18 19 2017-03-27
19 19 20 2018-04-28
20 20 21 2019-05-29
21 21 22 2020-06-30
22 22 23 2021-07-31
23 23 24 2022-08-01
24 24 25 2023-09-02
25 25 26 2024-10-03
26 26 27 2025-11-04
27 27 28 2026-12-05
28 28 29 2027-01-06
29 29 30 2028-02-07
30 30 31 2029-03-08
31 31 32 2030-04-09
32 32 33 2031-05-10
33 33 34 2032-06-11
34 34 35 2033-07-12
35 35 36 2034-08-13
36 36 37 2035-09-14
37 37 38 2036-10-15
38 38 39 2037-11-16
39 39 40 2038-12-17
40 40 41 2039-01-18
41 41 42 2040-02-19
42 42 43 2041-03-20
43 43 44 2042-04-21
44 44 45 2043-05-22
45 45 46 2044-06-23
46 46 47 2045-07-24
47 47 48 2046-08-25
48 48 49 2047-09-26
49 49 50 2048-10-27
50 50 51 2049-11-28
51 51 52 2050-12-29
52 52 53 2051-01-30
53 53 54 2052-02-31
54 54 55 2053-03-01
55 55 56 2054-04-02
56 56 57 2055-05-03
57 57 58 2056-06-04
58 58 59 2057-07-05
59 59 60 2058-08-06
60 60 61 2059-09-07
61 61 62 2060-10-08
62 62 63 2061-11-09
63 63 64 2062-12-10
64 64 65 2063-01-11
65 65 66 2064-02-12
66 66 67 2065-03-13
67 67 68 2066-04-14
68 68 69 2067-05-15
69 69 70 2068-06-16
70 70 71 2069-07-17
71 71 72 2070-08-18
72 72 73 2071-09-19
73 73 74 2072-10-20
74 74 75 2073-11-21
75 75 76 2074-12-22
76 76 77 2075-01-23
77 77 78 2076-02-24
78 78 79 2077-03-25
79 79 80 2078-04-26
80 80 81 2079-05-27
81 81 82 2080-06-28
82 82 83 2081-07-29
83 83 84 2082-08-30
84 84 85 2083-09-31
85 85 86 2084-10-01
86 86 87 2085-11-02
87 87 88 2086-12-03
88 88 89 2087-01-04
89 89 90 2088-02-05
90 90 91 2089-03-06
91 91 92 2090-04-07
92 92 93 2091-05-08
93 93 94 2092-06-09
94 94 95 2093-07-10
95 95 96 2094-08-11
96 96 97 2095-09-12
97 97 98 2096-10-13
98 98 99 2097-11-14
99 99 100 2098-12-15
100 100 101 2099-01-16