1 王三 2 周二12：00-13：00
4
1 2 3 4
2 王四 1 周五12：00-17：00
1
1
3 张五 3 周一09：00-11：00
2
2 3
4 李六 4 周四14：00-16：00
3
1 2 4
5 赵七 2 周三10：00-12：00
2
3 5
6 孙八 1 周六08：00-10：00
1
1
7 周九 3 周一11：00-13：00
3
2 7 8
8 钱十 4 周二14：00-16：00
2
4 5
9 吴十一 1 周五12：00-14：00
1
6
10 郑十二 2 周三10：00-12：00
4
1 2 3 9
11 王十三 3 周四15：00-17：00
2
7 10
12 李十四 1 周二09：00-11：00
3
3 8 12
13 赵十五 2 周五12：00-15：00
1
11
14 周十六 3 周一08：00-10：00
2
6 10
15 孙十七 4 周二10：00-12：00
3
1 5 9
16 钱十八 1 周六13：00-15：00
1
2
17 吴十九 2 周三14：00-16：00
4
3 8 5 12
18 郑二十 3 周四09：00-11：00
2
1 4
19 王二十一 4 周一12：00-14：00
3
6 7 11
20 李二十二 2 周五10：00-12：00
1
10
21 赵二十三 1 周四14：00-16：00
2
8 9
22 周二十四 3 周三12：00-14：00
4
1 2 3 5
23 孙二十五 4 周一09：00-11：00
1
7
24 钱二十六 1 周五12：00-15：00
3
2 4 6
25 吴二十七 2 周四10：00-12：00
2
3 7
26 郑二十八 3 周一13：00-15：00
4
1 5 8 9
27 王二十九 4 周三12：00-14：00
1
12
28 李三十 1 周四10：00-12：00
2
4 11
29 赵三十一 2 周二12：00-14：00
3
3 6 10
30 周三十二 3 周五08：00-10：00
1
5
31 孙三十三 4 周一11：00-13：00
2
1 2
32 钱三十四 1 周四14：00-16：00
4
2 3 5 6
33 吴三十五 2 周二12：00-14：00
1
9
34 郑三十六 3 周五12：00-15：00
3
3 7 8
35 王三十七 4 周一09：00-11：00
2
2 4
36 李三十八 1 周三10：00-12：00
4
1 2 3 10
37 赵三十九 2 周四14：00-16：00
1
5
38 周四十 3 周五13：00-15：00
2
6 11
39 孙四十一 4 周三09：00-11：00
3
2 4 10
40 钱四十二 1 周二12：00-14：00
1
7
41 吴四十三 2 周五10：00-12：00
4
1 3 5 8
42 郑四十四 3 周一15：00-17：00
2
2 6
43 王四十五 4 周四08：00-10：00
1
4
44 李四十六 1 周三13：00-15：00
3
3 9 12
45 赵四十七 2 周六10：00-12：00
2
8 11
46 周四十八 3 周五12：00-14：00
4
1 2 5 7
47 孙四十九 4 周一10：00-12：00
1
10
48 钱五十 1 周四14：00-16：00
3
6 8 9
49 吴五十一 2 周三12：00-14：00
2
2 5
50 郑五十二 3 周五10：00-12：00
1
11
51 王五十三 4 周一09：00-11：00
4
3 4 8 12
52 李五十四 1 周四12：00-14：00
2
1 6
53 赵五十五 2 周三14：00-16：00
1
5
54 周五十六 3 周一10：00-12：00
3
2 3 9
55 孙五十七 4 周四13：00-15：00
1
7
56 钱五十八 1 周五14：00-16：00
4
1 4 8 11
57 吴五十九 2 周二12：00-14：00
2
3 5
58 郑六十 3 周五13：00-15：00
1
10
59 王六十一 4 周四09：00-11：00
3
2 8 12
60 李六十二 1 周一10：00-12：00
2
1 6
61 赵六十三 2 周三14：00-16：00
4
3 5 7 9
62 周六十四 3 周五12：00-14：00
1
2
63 孙六十五 4 周四14：00-16：00
3
8 11 12
64 钱六十六 1 周二10：00-12：00
2
4 7
65 吴六十七 2 周五12：00-14：00
4
1 2 3 6
66 郑六十八 3 周四08：00-10：00
1
10
67 王六十九 4 周一12：00-14：00
3
5 8 11
68 李七十 1 周三09：00-11：00
2
2 9
69 赵七十一 2 周二14：00-16：00
4
1 3 10 12
70 周七十二 3 周五10：00-12：00
1
6
71 孙七十三 4 周一14：00-16：00
2
4 8
72 钱七十四 1 周四12：00-14：00
3
2 5 11
73 吴七十五 2 周三10：00-12：00
1
3
74 郑七十六 3 周五12：00-14：00
4
1 2 7 9
75 王七十七 4 周四14：00-16：00
2
10 12
76 李七十八 1 周三09：00-11：00
3
4 8 11
77 赵七十九 2 周五12：00-14：00
1
7
78 周八十 3 周一10：00-12：00
4
1 3 5 6
79 孙八十一 4 周四14：00-16：00
2
2 8
80 钱八十二 1 周二12：00-14：00
3
4 9 11
81 吴八十三 2 周五10：00-12：00
1
1
82 郑八十四 3 周四14：00-16：00
4
3 6 10 12
83 王八十五 4 周一10：00-12：00
2
2 5
84 李八十六 1 周三12：00-14：00
3
1 8 9
85 赵八十七 2 周五14：00-16：00
1
3
86 周八十八 3 周一10：00-12：00
4
2 4 8 11
87 孙八十九 4 周四12：00-14：00
2
5 12
88 钱九十 1 周三10：00-12：00
3
1 6 10
89 吴九十一 2 周五14：00-16：00
1
8
90 郑九十二 3 周四12：00-14：00
4
2 3 5 9
91 王九十三 4 周一10：00-12：00
2
6 11
92 李九十四 1 周五12：00-14：00
3
1 2 3
93 赵九十五 2 周四14：00-16：00
4
5 7 8 12
94 周九十六 3 周一10：00-12：00
1
10
95 孙九十七 4 周五12：00-14：00
3
2 3 6
96 钱九十八 1 周四10：00-12：00
2
4 11
97 吴九十九 2 周三12：00-14：00
4
1 2 5 9
98 郑一百 3 周五14：00-16：00
1
7
99 王一百零一 4 周二12：00-14：00
2
6 12
100 李一百零二 1 周四10：00-12：00
3
3 8 10